n	sd.het	d.het	lo	hi	ci	lo.tval	hi.tval	ci.tval	over
20	0	0	-0.619815761514706	0.619815761514707	1.23963152302941	-0.619815761514706	0.619815761514707	1.23963152302941	1
30	0	0	-0.506089491804875	0.506089491804874	1.01217898360975	-0.506089491804875	0.506089491804874	1.01217898360975	1
40	0	0	-0.438261216863417	0.438261216863417	0.876522433726833	-0.438261216863417	0.438261216863417	0.876522433726833	1
50	0	0	-0.39199393051968	0.39199393051968	0.783987861039359	-0.39199393051968	0.39199393051968	0.783987861039359	1
60	0	0	-0.357835196656047	0.357835196656047	0.715670393312094	-0.357835196656047	0.357835196656047	0.715670393312094	1
70	0	0	-0.331284709976391	0.331284709976391	0.662569419952781	-0.331284709976391	0.331284709976391	0.662569419952781	1
80	0	0	-0.309900667832386	0.309900667832386	0.619801335664771	-0.309900667832386	0.309900667832386	0.619801335664771	1
90	0	0	-0.292182931613665	0.292182931613665	0.58436586322733	-0.292182931613665	0.292182931613665	0.58436586322733	1
100	0	0	-0.277193419913382	0.277193419913382	0.554386839826764	-0.277193419913382	0.277193419913382	0.554386839826764	1
110	0	0	-0.264293646856554	0.264293646856554	0.528587293713107	-0.264293646856554	0.264293646856554	0.528587293713107	1
120	0	0	-0.253027167247347	0.253027167247347	0.506054334494694	-0.253027167247347	0.253027167247347	0.506054334494694	1
130	0	0	-0.24310277685962	0.24310277685962	0.48620555371924	-0.24310277685962	0.24310277685962	0.48620555371924	1
140	0	0	-0.234260396383323	0.234260396383323	0.468520792766646	-0.234260396383323	0.234260396383323	0.468520792766646	1
150	0	0	-0.226329032467469	0.226329032467469	0.452658064934937	-0.226329032467469	0.226329032467469	0.452658064934937	1
160	0	0	-0.219131870372533	0.219131870372533	0.438263740745067	-0.219131870372533	0.219131870372533	0.438263740745067	1
170	0	0	-0.212588808804352	0.212588808804352	0.425177617608704	-0.212588808804352	0.212588808804352	0.425177617608704	1
180	0	0	-0.20657713915373	0.20657713915373	0.41315427830746	-0.20657713915373	0.20657713915373	0.41315427830746	1
190	0	0	-0.201081636459077	0.201081636459077	0.402163272918154	-0.201081636459077	0.201081636459077	0.402163272918154	1
200	0	0	-0.19599515782741	0.19599515782741	0.39199031565482	-0.19599515782741	0.19599515782741	0.39199031565482	1
210	0	0	-0.191272796122074	0.191272796122074	0.382545592244148	-0.191272796122074	0.191272796122074	0.382545592244148	1
220	0	0	-0.186883019859741	0.186883019859741	0.373766039719481	-0.186883019859741	0.186883019859741	0.373766039719481	1
230	0	0	-0.182780773318545	0.182780773318545	0.365561546637089	-0.182780773318545	0.182780773318545	0.365561546637089	1
240	0	0	-0.178915309808828	0.178915309808828	0.357830619617655	-0.178915309808828	0.178915309808828	0.357830619617655	1
250	0	0	-0.175317205501965	0.175317205501965	0.35063441100393	-0.175317205501965	0.175317205501965	0.35063441100393	1
260	0	0	-0.171894847143023	0.171894847143023	0.343789694286047	-0.171894847143023	0.171894847143023	0.343789694286047	1
270	0	0	-0.168658091049102	0.168658091049102	0.337316182098204	-0.168658091049102	0.168658091049102	0.337316182098204	1
280	0	0	-0.165652570838737	0.165652570838737	0.331305141677474	-0.165652570838737	0.165652570838737	0.331305141677474	1
290	0	0	-0.162767665366817	0.162767665366817	0.325535330733634	-0.162767665366817	0.162767665366817	0.325535330733634	1
300	0	0	-0.160032171721706	0.160032171721706	0.320064343443412	-0.160032171721706	0.160032171721706	0.320064343443412	1
310	0	0	-0.157430039557994	0.157430039557994	0.314860079115988	-0.157430039557994	0.157430039557994	0.314860079115988	1
320	0	0	-0.154950747611443	0.154950747611443	0.309901495222887	-0.154950747611443	0.154950747611443	0.309901495222887	1
330	0	0	-0.152584914529835	0.152584914529835	0.305169829059671	-0.152584914529835	0.152584914529835	0.305169829059671	1
340	0	0	-0.150324145144535	0.150324145144535	0.30064829028907	-0.150324145144535	0.150324145144535	0.30064829028907	1
350	0	0	-0.14816089952248	0.14816089952248	0.29632179904496	-0.14816089952248	0.14816089952248	0.29632179904496	1
360	0	0	-0.146086412987968	0.146086412987968	0.292172825975936	-0.146086412987968	0.146086412987968	0.292172825975936	1
370	0	0	-0.144098959551201	0.144098959551201	0.288197919102401	-0.144098959551201	0.144098959551201	0.288197919102401	1
380	0	0	-0.142190438071361	0.142190438071361	0.284380876142722	-0.142190438071361	0.142190438071361	0.284380876142722	1
390	0	0	-0.140355758546541	0.140355758546541	0.280711517093083	-0.140355758546541	0.140355758546541	0.280711517093083	1
400	0	0	-0.138590282306354	0.138590282306354	0.277180564612708	-0.138590282306354	0.138590282306354	0.277180564612708	1
20	0.05	0	-0.62749544436075	0.62749544436075	1.2549908887215	-0.619815761514706	0.619815761514707	1.23963152302941	1.01239026711305
30	0.05	0	-0.515478079358383	0.515478079358383	1.03095615871677	-0.506089491804875	0.506089491804874	1.01217898360975	1.01855123986081
40	0.05	0	-0.44908354243557	0.44908354243557	0.89816708487114	-0.438261216863417	0.438261216863417	0.876522433726833	1.02469377886003
50	0.05	0	-0.404068047163191	0.404068047163191	0.808136094326381	-0.39199393051968	0.39199393051968	0.783987861039359	1.03080179488367
60	0.05	0	-0.371017490866704	0.371017490866704	0.742034981733407	-0.357835196656047	0.357835196656047	0.715670393312094	1.0368390095045
70	0.05	0	-0.345488526967876	0.345488526967876	0.690977053935752	-0.331284709976391	0.331284709976391	0.662569419952781	1.04287495487642
80	0.05	0	-0.325019432961288	0.325019432961289	0.650038865922577	-0.309900667832386	0.309900667832386	0.619801335664771	1.0487858423625
90	0.05	0	-0.308174657983379	0.308174657983379	0.616349315966757	-0.292182931613665	0.292182931613665	0.58436586322733	1.05473189786068
100	0.05	0	-0.294002730271824	0.294002730271824	0.588005460543648	-0.277193419913382	0.277193419913382	0.554386839826764	1.06064108723683
110	0.05	0	-0.281877636771675	0.281877636771675	0.56375527354335	-0.264293646856554	0.264293646856554	0.528587293713107	1.06653201892766
120	0.05	0	-0.271357731667117	0.271357731667117	0.542715463334234	-0.253027167247347	0.253027167247347	0.506054334494694	1.07244504461393
130	0.05	0	-0.262124208676488	0.262124208676488	0.524248417352977	-0.24310277685962	0.24310277685962	0.48620555371924	1.07824440371511
140	0.05	0	-0.253928952850285	0.253928952850285	0.507857905700571	-0.234260396383323	0.234260396383323	0.468520792766646	1.08396022874809
150	0.05	0	-0.24662194895051	0.24662194895051	0.49324389790102	-0.226329032467469	0.226329032467469	0.452658064934937	1.08966112858702
160	0.05	0	-0.24004511459502	0.24004511459502	0.48009022919004	-0.219131870372533	0.219131870372533	0.438263740745067	1.09543679879578
170	0.05	0	-0.234088088363152	0.234088088363152	0.468176176726304	-0.212588808804352	0.212588808804352	0.425177617608704	1.10113081530358
180	0.05	0	-0.228690179330848	0.228690179330848	0.457380358661696	-0.20657713915373	0.20657713915373	0.41315427830746	1.1070449531236
190	0.05	0	-0.223698486644338	0.223698486644338	0.447396973288675	-0.201081636459077	0.201081636459077	0.402163272918154	1.11247596042846
200	0.05	0	-0.219131870372533	0.219131870372533	0.438263740745067	-0.19599515782741	0.19599515782741	0.39199031565482	1.1180473681166
210	0.05	0	-0.214917452255048	0.214917452255048	0.429834904510096	-0.191272796122074	0.191272796122074	0.382545592244148	1.12361745429749
220	0.05	0	-0.21101249582115	0.21101249582115	0.4220249916423	-0.186883019859741	0.186883019859741	0.373766039719481	1.1291154005298
230	0.05	0	-0.207366861039681	0.207366861039681	0.414733722079361	-0.182780773318545	0.182780773318545	0.365561546637089	1.13451134533876
240	0.05	0	-0.204024580662499	0.204024580662499	0.408049161324998	-0.178915309808828	0.178915309808828	0.357830619617655	1.14034165595164
250	0.05	0	-0.200830530638372	0.200830530638372	0.401661061276744	-0.175317205501965	0.175317205501965	0.35063441100393	1.14552664733252
260	0.05	0	-0.197869530172676	0.197869530172676	0.395739060345352	-0.171894847143023	0.171894847143023	0.343789694286047	1.15110797945002
270	0.05	0	-0.195086050724112	0.195086050724112	0.390172101448224	-0.168658091049102	0.168658091049102	0.337316182098204	1.15669547491389
280	0.05	0	-0.192464420069857	0.192464420069857	0.384928840139715	-0.165652570838737	0.165652570838737	0.331305141677474	1.16185591986509
290	0.05	0	-0.189980248187613	0.189980248187613	0.379960496375226	-0.162767665366817	0.162767665366817	0.325535330733634	1.16718666302345
300	0.05	0	-0.187666484334361	0.187666484334361	0.375332968668721	-0.160032171721706	0.160032171721706	0.320064343443412	1.17267973255222
310	0.05	0	-0.185439501511109	0.185439501511109	0.370879003022219	-0.157430039557994	0.157430039557994	0.314860079115988	1.17791688315493
320	0.05	0	-0.183338790882761	0.183338790882761	0.366677581765523	-0.154950747611443	0.154950747611443	0.309901495222887	1.18320688159895
330	0.05	0	-0.18134262445777	0.18134262445777	0.36268524891554	-0.152584914529835	0.152584914529835	0.305169829059671	1.18847020373244
340	0.05	0	-0.179442403521368	0.179442403521368	0.358884807042736	-0.150324145144535	0.150324145144535	0.30064829028907	1.19370313630479
350	0.05	0	-0.177625244689772	0.177625244689772	0.355250489379544	-0.14816089952248	0.14816089952248	0.29632179904496	1.19886721302486
360	0.05	0	-0.175938471451278	0.175938471451278	0.351876942902556	-0.146086412987968	0.146086412987968	0.292172825975936	1.2043452081048
370	0.05	0	-0.174267007712605	0.174267007712605	0.34853401542521	-0.144098959551201	0.144098959551201	0.288197919102401	1.20935646069454
380	0.05	0	-0.172695704527311	0.172695704527311	0.345391409054622	-0.142190438071361	0.142190438071361	0.284380876142722	1.21453810023878
390	0.05	0	-0.171174388041926	0.171174388041925	0.342348776083851	-0.140355758546541	0.140355758546541	0.280711517093083	1.21957509841083
400	0.05	0	-0.169720576630254	0.169720576630254	0.339441153260507	-0.138590282306354	0.138590282306354	0.277180564612708	1.22462104705932
20	0.1	0	-0.650050263246178	0.650050263246177	1.30010052649235	-0.619815761514706	0.619815761514707	1.23963152302941	1.04877982072864
30	0.1	0	-0.542715005049602	0.542715005049603	1.0854300100992	-0.506089491804875	0.506089491804874	1.01217898360975	1.07236963785616
40	0.1	0	-0.480080057183447	0.480080057183447	0.960160114366894	-0.438261216863417	0.438261216863417	0.876522433726833	1.09541989733731
50	0.1	0	-0.438261216863417	0.438261216863417	0.876522433726833	-0.39199393051968	0.39199393051968	0.783987861039359	1.11803061920474
60	0.1	0	-0.407999523294183	0.407999523294183	0.815999046588367	-0.357835196656047	0.357835196656047	0.715670393312094	1.14018835236701
70	0.1	0	-0.384913948018267	0.384913948018267	0.769827896036534	-0.331284709976391	0.331284709976391	0.662569419952781	1.1618826236976
80	0.1	0	-0.366689358335194	0.366689358335195	0.733378716670389	-0.309900667832386	0.309900667832386	0.619801335664771	1.18324804170323
90	0.1	0	-0.351824113894382	0.351824113894382	0.703648227788764	-0.292182931613665	0.292182931613665	0.58436586322733	1.20412274581315
100	0.1	0	-0.339474098374105	0.339474098374105	0.67894819674821	-0.277193419913382	0.277193419913382	0.554386839826764	1.22468310568189
110	0.1	0	-0.32900073899062	0.32900073899062	0.658001477981239	-0.264293646856554	0.264293646856554	0.528587293713107	1.24483029729877
120	0.1	0	-0.320036059087378	0.320036059087378	0.640072118174757	-0.253027167247347	0.253027167247347	0.506054334494694	1.26482884256664
130	0.1	0	-0.312274824639829	0.312274824639829	0.624549649279657	-0.24310277685962	0.24310277685962	0.48620555371924	1.28453828736046
140	0.1	0	-0.305442704304741	0.305442704304741	0.610885408609481	-0.234260396383323	0.234260396383323	0.468520792766646	1.30385976042208
150	0.1	0	-0.299395739072013	0.299395739072013	0.598791478144027	-0.226329032467469	0.226329032467469	0.452658064934937	1.32283399883772
160	0.1	0	-0.294002730271824	0.294002730271824	0.588005460543648	-0.219131870372533	0.219131870372533	0.438263740745067	1.34167033655126
170	0.1	0	-0.289160611244095	0.289160611244095	0.578321222488191	-0.212588808804352	0.212588808804352	0.425177617608704	1.36018736296798
180	0.1	0	-0.284787223798147	0.284787223798146	0.569574447596293	-0.20657713915373	0.20657713915373	0.41315427830746	1.37859990202602
190	0.1	0	-0.280816224702311	0.280816224702311	0.561632449404622	-0.201081636459077	0.201081636459077	0.402163272918154	1.39652844311052
200	0.1	0	-0.277193419913382	0.277193419913382	0.554386839826764	-0.19599515782741	0.19599515782741	0.39199031565482	1.41428708232411
210	0.1	0	-0.273874078449664	0.273874078449664	0.547748156899329	-0.191272796122074	0.191272796122074	0.382545592244148	1.43185065520176
220	0.1	0	-0.270820932406533	0.270820932406533	0.541641864813067	-0.186883019859741	0.186883019859741	0.373766039719481	1.4491468117852
230	0.1	0	-0.268002666371918	0.268002666371918	0.536005332743836	-0.182780773318545	0.182780773318545	0.365561546637089	1.46625195585999
240	0.1	0	-0.265392761625115	0.265392761625115	0.53078552325023	-0.178915309808828	0.178915309808828	0.357830619617655	1.48334293978916
250	0.1	0	-0.262968601311196	0.262968601311196	0.525937202622393	-0.175317205501965	0.175317205501965	0.35063441100393	1.49995889198821
260	0.1	0	-0.260693732628645	0.260693732628645	0.521387465257291	-0.171894847143023	0.171894847143023	0.343789694286047	1.5165884083293
270	0.1	0	-0.258587002154314	0.258587002154315	0.517174004308629	-0.168658091049102	0.168658091049102	0.337316182098204	1.5332024722077
280	0.1	0	-0.256615223517378	0.256615223517378	0.513230447034756	-0.165652570838737	0.165652570838737	0.331305141677474	1.54911705998932
290	0.1	0	-0.254765665544151	0.254765665544151	0.509531331088301	-0.162767665366817	0.162767665366817	0.325535330733634	1.56521054086513
300	0.1	0	-0.253027167247347	0.253027167247347	0.506054334494694	-0.160032171721706	0.160032171721706	0.320064343443412	1.58110187798587
310	0.1	0	-0.251389900846885	0.251389900846885	0.50277980169377	-0.157430039557994	0.157430039557994	0.314860079115988	1.59683565825618
320	0.1	0	-0.24984517672207	0.24984517672207	0.49969035344414	-0.154950747611443	0.154950747611443	0.309901495222887	1.61241672320669
330	0.1	0	-0.24838528185537	0.24838528185537	0.496770563710739	-0.152584914529835	0.152584914529835	0.305169829059671	1.6278495329681
340	0.1	0	-0.247003345218297	0.247003345218297	0.494006690436594	-0.150324145144535	0.150324145144535	0.30064829028907	1.64313819966051
350	0.1	0	-0.245693224976644	0.245693224976644	0.491386449953287	-0.14816089952248	0.14816089952248	0.29632179904496	1.65828653692377
360	0.1	0	-0.244449413478463	0.244449413478463	0.488898826956927	-0.146086412987968	0.146086412987968	0.292172825975936	1.6733206632885
370	0.1	0	-0.243266956821787	0.243266956821787	0.486533913643574	-0.144098959551201	0.144098959551201	0.288197919102401	1.68819370784805
380	0.1	0	-0.242141386443713	0.242141386443714	0.484282772887427	-0.142190438071361	0.142190438071361	0.284380876142722	1.70293719977281
390	0.1	0	-0.241068660674622	0.241068660674622	0.482137321349244	-0.140355758546541	0.140355758546541	0.280711517093083	1.71755447137343
400	0.1	0	-0.24004511459502	0.24004511459502	0.48009022919004	-0.138590282306354	0.138590282306354	0.277180564612708	1.7320486732569
20	0.2	0	-0.733352640435826	0.733352640435826	1.46670528087165	-0.619815761514706	0.619815761514707	1.23963152302941	1.18317843135137
30	0.2	0	-0.640123665180567	0.640123665180568	1.28024733036113	-0.506089491804875	0.506089491804874	1.01217898360975	1.26484283026246
40	0.2	0	-0.587988929277345	0.587988929277345	1.17597785855469	-0.438261216863417	0.438261216863417	0.876522433726833	1.34164034291127
50	0.2	0	-0.554355554935188	0.554355554935188	1.10871110987038	-0.39199393051968	0.39199393051968	0.783987861039359	1.41419423050826
60	0.2	0	-0.530763112583295	0.530763112583295	1.06152622516659	-0.357835196656047	0.357835196656047	0.715670393312094	1.48326133802167
70	0.2	0	-0.513259698526434	0.513259698526435	1.02651939705287	-0.331284709976391	0.331284709976391	0.662569419952781	1.54930089759655
80	0.2	0	-0.499664337106862	0.499664337106862	0.999328674213724	-0.309900667832386	0.309900667832386	0.619801335664771	1.61233707756033
90	0.2	0	-0.488931080064912	0.488931080064912	0.977862160129825	-0.292182931613665	0.292182931613665	0.58436586322733	1.67337317537561
100	0.2	0	-0.480080057183447	0.480080057183447	0.960160114366894	-0.277193419913382	0.277193419913382	0.554386839826764	1.73193165022988
110	0.2	0	-0.472753800895455	0.472753800895455	0.945507601790909	-0.264293646856554	0.264293646856554	0.528587293713107	1.78874447614718
120	0.2	0	-0.466560091143817	0.466560091143817	0.933120182287634	-0.253027167247347	0.253027167247347	0.506054334494694	1.84391303202525
130	0.2	0	-0.461253767260044	0.461253767260044	0.922507534520088	-0.24310277685962	0.24310277685962	0.48620555371924	1.89736116229719
140	0.2	0	-0.456656011984305	0.456656011984305	0.913312023968609	-0.234260396383323	0.234260396383323	0.468520792766646	1.94935216978406
150	0.2	0	-0.452633229455537	0.452633229455537	0.905266458911074	-0.226329032467469	0.226329032467469	0.452658064934937	1.99989026825622
160	0.2	0	-0.44908354243557	0.44908354243557	0.89816708487114	-0.219131870372533	0.219131870372533	0.438263740745067	2.04937575566762
170	0.2	0	-0.445927873551376	0.445927873551376	0.891855747102753	-0.212588808804352	0.212588808804352	0.425177617608704	2.09760747077599
180	0.2	0	-0.443103886017229	0.443103886017229	0.886207772034458	-0.20657713915373	0.20657713915373	0.41315427830746	2.14498026176789
190	0.2	0	-0.44056176501176	0.44056176501176	0.88112353002352	-0.201081636459077	0.201081636459077	0.402163272918154	2.19095971551544
200	0.2	0	-0.438261216863417	0.438261216863417	0.876522433726834	-0.19599515782741	0.19599515782741	0.39199031565482	2.23608185896787
210	0.2	0	-0.436169293643457	0.436169293643457	0.872338587286913	-0.191272796122074	0.191272796122074	0.382545592244148	2.28035195012826
220	0.2	0	-0.434238684438597	0.434238684438597	0.868477368877194	-0.186883019859741	0.186883019859741	0.373766039719481	2.32358554974391
230	0.2	0	-0.432532437853563	0.432532437853563	0.865064875707126	-0.182780773318545	0.182780773318545	0.365561546637089	2.36640008683933
240	0.2	0	-0.430909383278539	0.430909383278539	0.861818766557078	-0.178915309808828	0.178915309808828	0.357830619617655	2.40845450140052
250	0.2	0	-0.429413571238739	0.429413571238739	0.858827142477477	-0.175317205501965	0.175317205501965	0.35063441100393	2.4493521329481
260	0.2	0	-0.428030574455406	0.428030574455406	0.856061148910811	-0.171894847143023	0.171894847143023	0.343789694286047	2.49007216661514
270	0.2	0	-0.426748062028457	0.426748062028457	0.853496124056913	-0.168658091049102	0.168658091049102	0.337316182098204	2.53025549722495
280	0.2	0	-0.425570939521064	0.425570939521064	0.851141879042127	-0.165652570838737	0.165652570838737	0.331305141677474	2.56905725861241
290	0.2	0	-0.424442798655038	0.424442798655038	0.848885597310076	-0.162767665366817	0.162767665366817	0.325535330733634	2.60766042013629
300	0.2	0	-0.423402318505199	0.423402318505199	0.846804637010399	-0.160032171721706	0.160032171721706	0.320064343443412	2.64573250459595
310	0.2	0	-0.422427123348288	0.422427123348288	0.844854246696575	-0.157430039557994	0.157430039557994	0.314860079115988	2.6832688636445
320	0.2	0	-0.421511231000087	0.421511231000087	0.843022462000175	-0.154950747611443	0.154950747611443	0.309901495222887	2.72029168944105
330	0.2	0	-0.420649370241929	0.420649370241929	0.841298740483859	-0.152584914529835	0.152584914529835	0.305169829059671	2.75682148224213
340	0.2	0	-0.419836878153271	0.41983687815327	0.839673756306541	-0.150324145144535	0.150324145144535	0.30064829028907	2.7928772037892
350	0.2	0	-0.41906961472937	0.41906961472937	0.83813922945874	-0.14816089952248	0.14816089952248	0.29632179904496	2.82847644742995
360	0.2	0	-0.418343891486136	0.418343891486136	0.836687782972272	-0.146086412987968	0.146086412987968	0.292172825975936	2.86367419754904
370	0.2	0	-0.417656411452779	0.417656411452779	0.835312822905558	-0.144098959551201	0.144098959551201	0.288197919102401	2.89839991040587
380	0.2	0	-0.417004218489735	0.417004218489735	0.83400843697947	-0.142190438071361	0.142190438071361	0.284380876142722	2.93271632147622
390	0.2	0	-0.416384654284817	0.416384654284817	0.832769308569633	-0.140355758546541	0.140355758546541	0.280711517093083	2.96663748318346
400	0.2	0	-0.415795321704419	0.415795321704419	0.831590643408838	-0.138590282306354	0.138590282306354	0.277180564612708	3.00017659813481
20	0.4	0	-0.999390628243506	0.999390628243507	1.99878125648701	-0.619815761514706	0.619815761514707	1.23963152302941	1.61239950691347
30	0.4	0	-0.933139382062787	0.933139382062786	1.86627876412557	-0.506089491804875	0.506089491804874	1.01217898360975	1.84382287554503
40	0.4	0	-0.898171116673589	0.898171116673589	1.79634223334718	-0.438261216863417	0.438261216863417	0.876522433726833	2.04939675726201
50	0.4	0	-0.876524144860774	0.876524144860774	1.75304828972155	-0.39199393051968	0.39199393051968	0.783987861039359	2.23606560361467
60	0.4	0	-0.861771428745473	0.861771428745473	1.72354285749095	-0.357835196656047	0.357835196656047	0.715670393312094	2.40829140564899
70	0.4	0	-0.851111339872386	0.851111339872385	1.70222267974477	-0.331284709976391	0.331284709976391	0.662569419952781	2.5691235189606
80	0.4	0	-0.843013221926106	0.843013221926105	1.68602644385221	-0.309900667832386	0.309900667832386	0.619801335664771	2.7202691359867
90	0.4	0	-0.836660500709957	0.836660500709957	1.67332100141991	-0.292182931613665	0.292182931613665	0.58436586322733	2.86348177865578
100	0.4	0	-0.831543380641072	0.831543380641072	1.66308676128214	-0.277193419913382	0.277193419913382	0.554386839826764	2.99986695535888
110	0.4	0	-0.827333103590398	0.827333103590398	1.6546662071808	-0.264293646856554	0.264293646856554	0.528587293713107	3.13035562311279
120	0.4	0	-0.823808100472485	0.823808100472485	1.64761620094497	-0.253027167247347	0.253027167247347	0.506054334494694	3.25580888975123
130	0.4	0	-0.820813579777522	0.820813579777522	1.64162715955504	-0.24310277685962	0.24310277685962	0.48620555371924	3.37640561074916
140	0.4	0	-0.818238123536444	0.818238123536444	1.63647624707289	-0.234260396383323	0.234260396383323	0.468520792766646	3.49285724846786
150	0.4	0	-0.81599948482637	0.81599948482637	1.63199896965274	-0.226329032467469	0.226329032467469	0.452658064934937	3.60536814888588
160	0.4	0	-0.814035624557363	0.814035624557363	1.62807124911473	-0.219131870372533	0.219131870372533	0.438263740745067	3.71482077515
170	0.4	0	-0.81229886268201	0.81229886268201	1.62459772536402	-0.212588808804352	0.212588808804352	0.425177617608704	3.82098600227625
180	0.4	0	-0.810751950126817	0.810751950126817	1.62150390025363	-0.20657713915373	0.20657713915373	0.41315427830746	3.92469347502908
190	0.4	0	-0.809365363591936	0.809365363591936	1.61873072718387	-0.201081636459077	0.201081636459077	0.402163272918154	4.02505856747716
200	0.4	0	-0.808115400893884	0.808115400893884	1.61623080178777	-0.19599515782741	0.19599515782741	0.39199031565482	4.12313962167114
210	0.4	0	-0.806982813406546	0.806982813406546	1.61396562681309	-0.191272796122074	0.191272796122074	0.382545592244148	4.21901509136466
220	0.4	0	-0.805951806802899	0.8059518068029	1.6119036136058	-0.186883019859741	0.186883019859741	0.373766039719481	4.31260051024316
230	0.4	0	-0.805009299331557	0.805009299331557	1.61001859866311	-0.182780773318545	0.182780773318545	0.365561546637089	4.40423401606148
240	0.4	0	-0.804144363370749	0.80414436337075	1.6082887267415	-0.178915309808828	0.178915309808828	0.357830619617655	4.49455311694669
250	0.4	0	-0.803347799507534	0.803347799507534	1.60669559901507	-0.175317205501965	0.175317205501965	0.35063441100393	4.58225304930799
260	0.4	0	-0.802611807842468	0.802611807842468	1.60522361568494	-0.171894847143023	0.171894847143023	0.343789694286047	4.66920225464736
270	0.4	0	-0.80192973157305	0.801929731573049	1.6038594631461	-0.168658091049102	0.168658091049102	0.337316182098204	4.75476584956473
280	0.4	0	-0.80129585496672	0.80129585496672	1.60259170993344	-0.165652570838737	0.165652570838737	0.331305141677474	4.83720748135434
290	0.4	0	-0.800705242722075	0.800705242722074	1.60141048544415	-0.162767665366817	0.162767665366817	0.325535330733634	4.91931392465196
300	0.4	0	-0.800153611151807	0.800153611151807	1.60030722230361	-0.160032171721706	0.160032171721706	0.320064343443412	4.99995471250158
310	0.4	0	-0.799637224067443	0.799637224067443	1.59927444813489	-0.157430039557994	0.157430039557994	0.314860079115988	5.07931793901934
320	0.4	0	-0.799152808010295	0.799152808010296	1.59830561602059	-0.154950747611443	0.154950747611443	0.309901495222887	5.15746338968471
330	0.4	0	-0.798697482760341	0.798697482760341	1.59739496552068	-0.152584914529835	0.152584914529835	0.305169829059671	5.23444591636986
340	0.4	0	-0.798268704003988	0.798268704003987	1.59653740800797	-0.150324145144535	0.150324145144535	0.30064829028907	5.31031593917571
350	0.4	0	-0.797864215748869	0.797864215748869	1.59572843149774	-0.14816089952248	0.14816089952248	0.29632179904496	5.38511994946285
360	0.4	0	-0.797482010605541	0.797482010605541	1.59496402121108	-0.146086412987968	0.146086412987968	0.292172825975936	5.45897455002352
370	0.4	0	-0.79712029645933	0.79712029645933	1.59424059291866	-0.144098959551201	0.144098959551201	0.288197919102401	5.53175608583143
380	0.4	0	-0.796777468364141	0.796777468364142	1.59355493672828	-0.142190438071361	0.142190438071361	0.284380876142722	5.6035938785438
390	0.4	0	-0.796452084727907	0.796452084727907	1.59290416945581	-0.140355758546541	0.140355758546541	0.280711517093083	5.67452374576999
400	0.4	0	-0.796142847044086	0.796142847044086	1.59228569408817	-0.138590282306354	0.138590282306354	0.277180564612708	5.74457915659781
